100
3000
0 1 453
1 2 126
2 3 75
3 4 380
4 5 333
5 6 305
6 7 285
7 8 488
8 9 481
9 10 460
10 11 454
11 12 253
12 13 144
13 14 194
14 15 81
15 16 191
16 17 407
17 18 417
18 19 111
19 20 110
20 21 298
21 22 143
22 23 392
23 24 80
24 25 408
25 26 124
26 27 5
27 28 39
28 29 52
29 30 362
30 31 179
31 32 364
32 33 346
33 34 433
34 35 63
35 36 248
36 37 478
37 38 350
38 39 311
39 40 90
40 41 483
41 42 178
42 43 44
43 44 350
44 45 378
45 46 63
46 47 476
47 48 12
48 49 276
49 50 79
50 51 193
51 52 52
52 53 16
53 54 116
54 55 387
55 56 141
56 57 54
57 58 423
58 59 499
59 60 135
60 61 457
61 62 411
62 63 349
63 64 269
64 65 472
65 66 460
66 67 143
67 68 30
68 69 215
69 70 268
70 71 154
71 72 56
72 73 482
73 74 478
74 75 340
75 76 27
76 77 23
77 78 474
78 79 378
79 80 403
80 81 72
81 82 353
82 83 217
83 84 236
84 85 439
85 86 337
86 87 472
87 88 497
88 89 461
89 90 382
90 91 252
91 92 63
92 93 112
93 94 498
94 95 438
95 96 415
96 97 409
97 98 463
98 99 132
70 79 95
89 24 386
23 24 416
76 36 83
32 90 403
3 43 389
30 17 75
4 83 219
55 5 388
55 82 495
25 86 353
66 8 101
0 72 389
94 26 53
26 49 185
60 89 40
1 70 168
64 95 306
21 80 212
50 19 153
4 95 340
59 30 123
40 17 423
9 93 221
56 89 268
3 65 179
38 28 53
30 31 251
36 9 230
30 42 33
7 15 154
37 33 397
12 40 251
28 45 93
15 18 44
43 16 6
89 14 291
21 30 332
98 35 398
60 64 12
53 9 163
50 3 307
36 5 483
82 4 67
79 50 474
33 74 169
17 1 309
71 38 310
11 23 1
60 70 487
30 93 45
43 62 288
44 57 147
45 83 191
32 31 480
48 5 11
61 81 276
79 43 453
33 64 107
90 37 292
6 96 480
3 78 386
37 69 88
34 91 226
76 72 475
76 81 262
51 56 117
92 84 396
15 60 303
16 79 200
76 68 453
1 33 132
51 43 394
5 36 455
76 8 144
96 1 66
41 88 408
27 10 308
27 8 110
16 32 40
70 68 179
87 12 26
74 73 99
45 29 339
78 69 142
35 69 389
82 56 261
40 87 495
30 42 355
31 13 126
24 49 320
97 28 131
22 51 165
96 35 122
63 24 70
78 15 35
65 79 93
47 95 193
69 83 446
30 12 418
42 0 395
68 29 117
53 90 2
37 28 22
33 26 195
28 77 384
13 64 426
66 81 238
41 62 265
0 69 178
42 24 152
71 23 287
23 84 490
47 20 391
57 15 321
61 12 194
87 55 89
6 33 84
83 90 206
64 77 149
38 89 273
34 88 463
61 14 35
79 90 15
9 23 279
11 74 272
88 71 190
27 99 297
96 86 391
99 20 58
39 78 79
93 80 487
37 46 370
17 96 159
23 27 395
82 50 191
66 66 183
66 87 480
7 1 124
31 27 172
32 25 195
72 71 207
89 7 84
13 19 170
30 72 418
89 59 190
75 44 92
14 11 224
90 12 295
30 38 363
97 42 338
68 2 282
46 53 189
78 11 173
82 53 296
57 42 141
82 95 363
81 6 466
94 41 423
79 64 48
68 0 50
69 19 169
16 76 265
29 76 200
96 11 346
30 21 231
24 41 100
24 88 14
98 24 98
80 58 236
10 43 335
20 99 440
33 24 395
54 53 116
99 67 441
89 20 446
62 51 374
5 25 207
12 8 62
16 66 286
64 70 417
39 93 412
34 4 69
73 78 70
26 22 461
29 59 66
49 84 188
67 48 420
30 51 305
34 57 283
36 51 366
34 55 459
30 18 178
73 89 478
15 8 59
11 92 369
21 10 177
73 52 455
98 80 471
45 52 432
95 47 412
42 49 89
94 74 325
12 97 61
29 83 141
55 99 183
50 22 147
52 82 398
76 61 163
35 45 98
80 23 158
99 25 183
60 64 83
61 89 98
72 8 431
33 13 484
1 5 371
64 72 168
49 24 226
31 12 249
36 84 233
57 3 399
6 89 2
90 39 230
14 23 310
71 57 382
74 3 449
98 32 21
5 31 104
36 88 17
95 34 218
7 48 449
38 67 221
72 49 77
28 42 165
75 60 40
4 59 484
11 8 178
21 1 210
21 85 179
79 26 89
59 16 428
12 60 233
16 45 132
20 31 305
52 35 385
33 2 308
74 8 329
75 25 132
75 21 337
26 85 466
95 46 204
81 16 122
36 1 442
7 59 131
57 75 431
31 51 216
34 52 379
56 49 464
67 37 401
11 95 374
40 82 123
42 70 168
2 3 472
22 73 352
94 82 150
30 86 127
62 7 60
73 79 290
54 29 123
36 79 259
52 65 272
56 27 312
4 97 435
30 24 417
34 20 405
24 13 371
95 55 493
12 5 473
60 49 44
37 98 420
93 82 111
48 71 200
54 66 112
16 45 494
13 59 368
49 40 210
7 13 459
10 22 286
11 66 146
81 62 99
80 21 200
64 61 49
32 61 7
34 99 2
24 1 170
61 68 26
52 2 199
81 43 488
11 91 22
17 75 233
8 26 372
91 10 309
5 86 227
47 95 456
43 81 464
52 12 341
45 19 149
18 53 112
3 88 362
76 90 50
54 85 366
55 21 266
32 25 164
71 14 189
25 0 482
22 71 411
97 64 121
15 94 313
86 28 317
30 81 341
99 90 0
57 85 86
91 77 327
95 25 499
22 74 119
81 82 287
11 49 114
79 48 159
61 32 219
54 77 27
53 73 78
51 12 266
28 46 263
22 92 229
45 65 225
67 82 340
60 59 268
48 14 373
62 87 497
39 32 173
16 86 297
71 1 281
56 20 363
16 49 436
50 51 350
47 77 464
10 80 269
11 29 18
56 21 205
62 87 103
76 48 67
16 55 165
0 16 127
20 60 429
68 34 173
26 20 409
80 84 277
94 51 211
62 49 136
21 90 95
18 90 348
7 48 260
29 25 255
88 29 457
64 17 394
73 66 6
71 12 248
21 93 446
83 20 41
48 50 118
12 74 64
34 64 10
34 91 52
80 30 264
6 47 202
53 86 388
80 67 124
80 81 258
67 46 414
62 55 235
18 18 345
88 4 393
28 61 105
11 24 202
66 34 393
94 53 333
2 30 43
49 13 471
71 68 248
93 54 315
54 56 474
46 61 374
99 61 165
26 8 172
41 91 137
4 98 114
90 21 420
64 88 16
51 61 108
88 87 180
84 56 49
6 38 415
79 6 414
40 7 123
88 52 176
91 13 250
13 52 151
49 93 207
38 39 118
34 46 110
4 15 72
52 25 293
74 21 91
30 37 317
63 15 428
8 93 323
95 97 69
27 93 273
68 11 493
21 76 261
91 22 360
6 50 258
58 18 426
28 45 427
88 64 354
54 4 286
8 88 453
77 96 392
79 79 253
52 22 451
26 34 216
36 40 147
14 86 35
32 84 340
68 13 329
32 49 92
36 72 9
72 29 76
84 45 44
37 13 441
48 67 372
65 84 224
84 37 348
60 52 6
78 85 252
36 22 198
4 10 132
11 13 97
25 64 66
28 4 462
33 96 26
98 49 327
28 53 197
69 77 320
90 39 356
56 14 152
16 16 7
55 50 94
34 42 183
86 1 493
31 37 97
3 11 160
39 49 85
15 53 342
71 98 346
61 62 9
34 37 35
80 80 237
96 69 416
59 7 465
3 25 310
64 78 334
77 84 298
49 35 112
55 77 294
27 15 460
8 76 125
91 78 408
79 42 108
11 60 253
73 85 170
23 69 346
42 76 94
67 45 100
98 54 99
90 13 401
98 47 497
4 61 335
25 96 392
20 80 57
80 50 486
37 0 123
73 19 144
90 45 110
66 40 291
51 73 227
93 46 472
17 2 471
85 57 208
56 34 261
49 7 247
32 15 225
19 47 448
59 40 21
10 90 484
23 34 255
17 4 213
28 66 288
73 75 64
21 30 476
52 91 384
45 26 213
39 44 340
1 6 379
33 21 403
17 11 485
44 64 234
85 87 254
67 95 145
24 97 265
69 89 149
63 63 406
57 21 7
71 74 143
94 1 378
30 90 121
92 73 240
60 72 188
1 47 344
52 64 46
86 92 277
97 7 377
39 35 148
80 69 320
18 29 320
38 72 68
72 12 122
77 47 100
95 28 89
36 26 238
45 49 219
95 18 281
24 1 18
0 28 61
27 30 444
7 85 481
30 38 66
31 32 271
75 8 258
46 34 286
52 25 427
56 87 317
45 6 326
91 90 109
61 33 338
95 81 116
47 2 343
73 91 134
0 67 211
35 74 43
90 52 230
69 42 288
52 40 349
71 1 377
1 53 54
93 97 67
27 6 86
92 97 269
64 51 348
65 28 135
95 99 123
91 18 30
87 42 225
22 26 55
30 5 199
13 65 79
93 91 222
75 43 110
71 7 186
62 27 483
24 57 351
70 40 221
45 38 340
50 82 369
65 28 343
96 87 370
13 76 286
14 80 224
42 94 35
17 36 208
78 66 274
88 56 266
70 11 342
34 15 259
51 68 250
45 58 329
1 4 156
8 35 133
35 10 275
66 27 45
37 98 438
57 34 49
48 44 463
32 70 231
93 88 473
17 82 455
10 21 418
67 90 473
0 42 54
99 80 428
90 52 308
94 52 0
20 0 449
59 95 172
7 27 443
41 18 455
81 99 333
66 36 398
16 45 107
99 99 189
19 34 10
64 60 255
18 70 370
78 49 297
95 72 32
3 94 254
39 52 285
20 50 380
97 52 440
66 66 342
40 24 246
51 91 279
86 50 41
55 77 33
63 58 9
27 11 490
17 97 453
67 26 184
41 66 297
99 10 381
90 32 264
61 88 331
30 69 235
42 35 473
22 4 48
63 41 138
69 2 129
47 87 272
60 62 262
9 82 136
26 72 42
87 3 13
16 90 117
24 77 112
49 70 2
77 34 202
94 84 292
50 56 37
57 8 444
27 55 456
14 75 109
17 19 335
41 94 425
92 8 17
14 66 479
77 68 51
78 83 303
14 76 231
8 61 336
38 9 102
2 9 256
56 85 365
49 8 280
35 18 485
32 26 409
22 41 133
13 58 169
64 92 472
99 73 121
33 34 212
47 26 7
61 33 265
23 36 279
14 59 310
27 81 458
48 41 394
66 17 7
15 82 43
11 59 22
48 33 145
68 60 431
31 91 59
32 99 195
83 98 175
75 20 101
8 15 229
38 71 486
37 76 268
80 98 180
94 33 154
10 25 390
1 28 190
41 76 48
71 59 149
78 83 474
20 87 296
78 71 294
16 33 257
8 94 50
92 45 376
2 66 12
14 54 95
30 34 389
47 89 467
4 87 221
47 7 168
78 40 394
92 89 409
6 84 88
93 49 278
34 76 263
21 21 349
85 40 434
63 73 274
95 32 254
94 23 474
13 60 400
76 66 84
86 57 396
6 70 351
10 23 382
70 54 307
94 81 103
32 91 11
79 21 25
92 1 459
84 0 54
67 7 403
46 52 36
33 15 165
48 95 260
45 3 212
17 71 422
54 63 437
77 59 62
45 81 164
52 16 221
86 88 61
87 50 346
88 1 281
72 32 14
70 75 21
63 80 193
53 79 426
42 53 52
52 90 157
10 67 330
56 53 37
31 95 242
16 7 178
98 79 223
76 40 472
59 86 369
72 52 282
30 36 291
51 82 53
71 19 406
14 94 337
25 40 173
26 14 415
96 29 260
56 28 257
37 30 392
33 56 387
56 63 374
67 34 145
32 8 128
64 67 244
4 87 346
64 77 467
3 12 452
76 69 23
68 17 152
80 93 352
5 14 437
53 24 350
62 77 173
58 65 147
11 75 259
79 98 215
73 33 183
31 2 35
58 61 117
67 42 39
75 55 86
0 2 482
44 46 258
18 32 352
73 1 440
18 78 365
99 11 121
64 8 247
11 3 9
58 79 208
71 42 257
71 62 2
64 9 188
47 86 360
18 86 58
33 97 133
83 72 149
13 90 412
1 5 450
68 28 34
74 51 168
79 82 281
85 87 188
51 73 139
18 65 330
76 26 462
92 50 401
17 8 52
24 70 74
41 97 71
61 25 176
50 62 465
90 6 389
51 89 88
93 53 64
97 19 369
18 93 242
95 46 477
83 20 100
9 85 479
87 44 108
54 48 240
77 0 262
78 30 240
24 71 17
70 31 78
37 28 499
38 88 229
65 84 362
64 12 34
87 26 295
52 27 299
35 3 91
68 46 475
3 74 384
37 64 277
36 46 271
99 69 360
78 57 140
61 12 373
31 59 135
84 30 201
48 88 63
27 74 129
93 23 153
89 63 92
61 74 97
64 61 379
33 74 261
90 9 74
1 76 412
77 32 232
48 69 32
50 16 187
45 80 269
56 12 405
24 64 113
65 66 295
3 76 473
93 48 164
46 9 432
78 94 446
23 55 198
20 58 189
2 63 55
99 38 297
3 48 267
89 69 482
31 18 495
50 31 182
52 54 384
79 86 460
18 78 151
73 24 235
71 41 386
22 88 148
55 95 203
9 15 102
96 48 465
99 55 351
54 84 9
62 31 215
53 18 75
12 34 360
67 31 467
86 2 394
53 9 465
72 72 154
53 92 60
40 69 167
5 59 407
29 13 304
75 8 291
51 60 411
38 19 237
8 93 160
59 84 256
71 1 272
41 48 287
45 86 480
35 91 451
54 11 44
28 9 66
11 81 380
10 97 6
11 88 371
26 30 428
13 70 445
69 52 275
71 34 429
69 61 69
90 13 299
85 15 133
52 65 194
50 19 207
11 71 457
3 93 121
3 26 17
14 67 26
38 85 29
69 55 40
18 47 241
47 15 369
73 82 291
23 81 52
10 3 131
52 63 403
92 12 92
99 71 221
1 95 120
52 16 270
64 41 499
37 79 498
2 17 142
48 42 372
5 31 118
66 6 147
80 49 77
89 75 311
5 81 340
45 35 356
5 82 3
86 13 367
1 22 361
67 23 77
52 46 389
18 82 106
96 15 119
36 54 347
9 48 255
99 79 187
38 37 197
71 5 36
39 85 66
8 76 103
75 48 1
11 73 311
47 54 224
17 10 16
20 43 182
9 91 79
52 69 257
50 49 215
65 24 233
8 8 285
47 26 447
14 51 51
17 42 16
50 91 391
8 91 411
79 25 330
58 80 461
85 53 418
1 58 62
41 57 273
69 16 97
79 16 386
65 2 449
91 44 171
80 70 409
99 96 249
71 29 122
42 21 174
0 94 171
88 90 430
61 61 47
82 9 457
74 67 8
13 30 379
55 45 51
77 37 188
85 89 13
89 63 22
5 90 490
89 89 493
58 81 384
40 5 103
77 17 13
56 87 72
75 35 265
31 90 117
12 46 428
94 96 457
93 53 173
73 28 78
51 62 123
27 89 25
68 69 382
66 94 168
79 74 414
14 76 14
3 63 395
10 98 110
30 32 476
69 48 234
88 97 89
22 42 98
85 34 49
71 43 223
70 87 430
59 10 481
58 44 284
35 67 19
13 3 289
36 69 108
55 78 325
74 36 118
74 56 387
81 9 265
79 6 202
98 48 229
51 10 213
12 1 306
20 71 307
76 67 269
84 46 307
79 18 240
44 31 14
32 92 121
84 6 480
78 18 398
68 61 216
79 43 83
58 87 381
44 87 467
53 58 150
74 69 176
11 2 474
80 58 358
2 52 407
24 78 333
47 20 350
64 75 361
79 24 175
28 41 133
46 45 335
17 44 232
83 73 460
84 89 277
69 23 183
28 30 227
37 78 155
98 14 76
54 43 25
97 47 1
75 73 461
46 19 284
32 0 467
97 57 451
71 40 375
35 31 79
75 95 239
37 66 385
13 79 55
89 81 38
95 62 444
58 93 267
41 46 92
3 71 294
47 72 166
70 52 15
78 84 308
1 73 323
21 69 357
29 31 210
7 28 216
84 79 446
26 55 326
40 48 80
81 4 488
13 17 298
59 49 447
36 55 196
5 88 324
35 51 152
70 53 20
99 40 347
73 81 194
36 95 359
30 19 226
71 23 244
53 65 389
82 49 213
7 12 199
31 11 232
21 64 486
58 21 107
60 68 127
66 23 443
30 0 293
5 59 409
53 89 430
69 65 284
97 85 171
5 24 174
92 72 42
9 57 400
29 1 50
95 52 130
75 17 58
9 32 477
24 82 233
95 84 149
12 61 359
74 8 364
28 28 240
52 68 324
88 77 139
96 48 88
88 73 6
89 76 62
89 35 391
63 27 402
78 86 53
75 11 54
18 80 181
86 86 180
6 41 262
12 96 498
83 81 210
63 89 179
51 64 291
19 53 401
58 3 113
92 98 438
28 28 77
54 24 4
20 87 197
76 68 288
66 57 62
77 44 150
52 58 448
5 6 42
73 76 410
11 21 206
92 16 299
1 57 337
61 27 445
54 28 218
77 24 136
39 99 31
45 19 324
62 69 334
80 71 42
27 61 86
29 20 175
47 60 230
90 37 429
32 73 33
0 53 99
56 33 23
90 72 478
38 79 34
36 87 164
15 20 139
96 51 219
55 69 52
87 71 70
6 69 342
57 7 386
27 94 446
70 14 180
77 29 224
88 55 299
75 69 496
99 68 165
57 24 486
52 66 188
29 42 200
13 84 325
73 72 445
75 15 193
45 9 316
19 39 6
88 51 485
37 85 460
98 52 11
95 55 107
58 89 320
42 93 37
69 22 426
20 29 337
2 65 134
60 7 450
25 85 88
83 16 73
23 80 13
13 77 301
15 28 368
37 32 50
70 46 321
43 16 178
73 34 393
92 96 448
4 20 366
61 24 267
36 42 426
27 69 68
1 23 143
66 23 413
90 44 260
67 31 313
73 95 177
96 53 342
4 22 453
32 71 334
9 62 41
43 23 232
69 6 38
59 45 13
99 74 2
70 73 455
31 95 327
30 83 48
46 20 227
33 44 382
19 12 370
21 71 490
0 99 208
91 36 334
95 9 122
27 75 185
94 16 15
78 93 108
50 96 366
49 57 150
26 52 342
18 97 93
75 39 449
28 36 424
27 11 10
35 26 366
33 85 267
69 40 385
5 71 378
27 49 465
75 2 244
88 77 253
49 77 360
42 30 378
47 34 243
2 16 333
52 38 403
42 13 18
92 90 74
77 53 427
91 89 35
36 72 302
29 98 124
13 77 163
66 26 433
56 98 146
87 74 223
20 86 498
42 67 142
83 80 216
10 60 316
56 59 149
43 39 446
47 14 439
48 65 316
91 47 393
94 51 59
52 48 176
65 94 189
95 52 328
90 88 464
63 94 68
86 37 93
8 37 439
10 32 480
69 78 190
64 20 453
8 31 122
95 21 479
34 60 183
92 86 64
22 95 171
55 68 268
91 75 207
53 28 309
16 89 384
37 92 383
39 41 186
24 74 339
93 7 246
17 85 289
36 11 279
94 82 412
61 2 390
47 81 28
12 62 288
83 48 77
52 1 98
75 64 135
95 50 206
75 7 443
59 46 476
72 87 215
42 89 42
2 43 273
64 81 459
70 69 344
50 66 429
36 25 177
24 90 409
69 13 175
30 40 257
9 91 264
8 15 368
64 14 439
73 64 328
74 59 298
29 39 292
88 11 81
12 22 253
69 85 5
41 30 77
41 29 219
11 19 308
61 90 233
14 16 93
89 55 394
49 7 41
77 73 413
62 18 361
54 13 24
6 57 325
5 1 197
66 99 239
91 56 95
3 14 364
26 89 351
71 31 311
87 21 267
32 56 358
32 47 138
30 26 374
42 51 225
18 23 400
93 69 4
64 43 498
59 51 41
82 45 402
28 85 250
74 24 304
57 11 273
23 45 35
94 71 126
73 65 335
8 81 106
34 96 87
24 25 148
25 7 22
55 93 175
70 55 152
61 82 270
89 35 160
91 52 352
11 92 403
89 94 30
26 97 306
83 98 165
66 93 165
95 69 228
34 26 417
63 27 475
56 38 14
43 59 9
71 46 401
42 90 390
98 90 196
27 76 180
65 95 41
55 70 169
47 84 400
76 15 238
75 79 148
10 73 262
91 22 341
71 56 401
49 14 60
59 30 493
23 93 101
49 25 437
38 14 21
19 38 26
91 95 264
39 76 264
50 11 404
94 37 454
0 66 246
75 12 275
15 26 177
76 66 203
87 30 161
15 37 172
32 91 398
43 21 367
52 29 132
10 9 445
59 91 258
60 96 186
42 1 278
0 88 57
36 37 101
50 92 94
78 78 298
57 58 282
57 44 364
72 89 376
78 44 293
77 88 95
76 28 183
13 91 64
53 96 105
55 79 363
34 14 477
86 50 93
41 58 69
52 80 270
13 90 429
46 57 37
15 58 233
33 17 443
37 42 432
61 95 318
30 4 457
32 99 282
98 37 70
86 35 215
73 9 452
95 54 51
69 71 488
50 89 190
94 27 201
35 9 195
49 59 13
82 72 462
84 83 308
3 69 153
76 91 35
67 34 430
20 17 210
91 71 376
10 80 369
36 49 447
91 11 91
47 44 103
53 86 92
91 7 79
50 90 184
39 41 69
89 37 499
45 0 183
26 37 177
85 19 263
31 71 158
91 70 339
3 77 7
93 57 223
16 64 373
30 70 163
31 17 450
48 52 414
46 36 412
58 70 464
75 18 337
92 99 21
95 33 238
5 63 324
61 18 379
63 71 72
51 33 291
42 68 302
23 87 221
94 33 207
57 93 139
34 51 374
27 11 288
51 50 120
38 46 376
60 31 212
91 45 40
48 30 469
11 34 341
97 17 183
56 72 161
42 29 178
33 43 293
82 23 384
82 83 389
15 2 490
13 88 478
53 58 67
62 91 375
37 77 35
98 70 466
25 87 98
11 0 483
3 42 27
42 53 200
13 85 407
30 97 462
40 66 206
39 17 106
47 65 123
40 47 80
5 94 384
38 47 10
97 46 485
8 96 159
78 75 23
61 15 350
83 30 440
13 89 226
92 77 412
23 88 77
87 61 165
89 20 237
1 35 349
48 58 315
6 1 135
55 70 335
85 45 448
69 18 218
16 62 387
59 25 442
16 35 166
96 59 326
23 39 470
72 14 250
1 78 307
16 69 251
14 53 277
69 94 245
22 97 207
55 60 197
16 14 49
91 69 194
80 62 36
24 38 165
87 81 96
6 26 208
92 61 171
0 11 382
78 61 39
2 0 448
26 1 373
88 20 253
78 15 433
65 72 230
41 32 152
44 50 481
3 36 222
50 68 356
27 28 292
45 41 86
91 47 259
4 12 371
95 12 6
80 61 16
15 7 486
96 76 407
89 7 282
14 44 170
30 87 477
11 78 385
85 76 141
20 17 128
54 54 29
44 0 55
43 6 159
33 19 175
81 69 127
49 56 103
82 66 105
88 64 151
23 27 41
56 34 232
34 13 458
82 76 114
48 64 431
80 78 430
66 22 410
56 25 394
36 9 107
68 80 424
66 78 247
85 38 303
58 4 156
7 72 351
34 66 472
55 4 335
63 18 305
1 82 304
7 18 211
59 35 399
23 69 119
85 13 77
58 27 90
18 44 275
89 7 497
68 70 276
55 48 44
33 93 343
66 54 175
57 71 321
46 16 117
0 34 383
58 85 271
74 93 25
44 15 108
98 51 332
47 88 11
22 16 136
65 80 163
49 59 168
35 48 273
15 89 327
33 15 209
80 36 220
44 66 28
62 53 73
47 95 427
61 82 432
85 53 110
41 35 183
64 57 180
81 80 72
3 44 259
6 26 217
24 78 318
64 33 57
76 73 218
9 81 320
15 37 352
41 52 366
44 11 10
6 52 37
15 49 410
38 20 76
53 3 271
35 87 128
17 30 58
12 62 274
77 2 433
3 92 377
44 90 169
90 94 29
50 96 192
45 56 474
60 15 101
75 55 380
55 88 200
27 30 1
36 6 220
97 97 232
98 39 379
82 25 135
7 94 377
32 6 254
56 31 94
45 39 474
16 1 38
6 17 172
37 41 140
21 86 307
23 14 307
25 5 404
57 53 473
96 1 200
94 72 441
70 90 311
2 32 182
21 10 424
48 42 181
47 79 202
76 18 97
59 7 191
2 76 361
76 48 447
66 14 396
76 21 160
15 46 448
89 31 290
41 31 101
81 41 300
88 43 147
0 52 432
14 85 111
27 46 409
84 55 323
9 26 205
47 71 494
72 30 251
89 40 482
26 27 394
50 11 344
94 45 210
84 6 0
96 83 9
62 87 153
88 54 224
17 69 113
33 80 212
67 41 97
91 28 221
74 91 144
44 56 70
68 17 7
83 92 313
16 3 430
38 4 4
26 46 136
74 0 33
39 0 373
99 21 83
95 55 369
60 52 137
76 30 183
69 20 83
36 83 62
20 71 68
48 62 370
28 38 344
87 79 400
38 12 420
51 11 257
1 99 80
92 98 92
66 65 352
5 32 51
55 2 197
91 18 436
92 77 31
67 32 11
59 67 250
30 45 434
77 22 144
30 6 484
23 73 31
19 43 379
25 37 55
56 41 10
5 51 256
72 47 30
77 88 362
7 93 297
25 36 123
93 79 18
23 56 452
95 91 92
73 44 276
34 8 12
81 19 64
54 22 433
84 29 253
98 65 0
55 89 394
30 42 260
14 6 325
31 3 478
43 64 445
62 6 485
13 67 143
24 89 192
17 24 45
81 25 238
47 94 139
8 77 371
83 15 472
24 41 32
22 21 397
71 39 70
58 28 126
9 3 185
5 12 413
34 57 110
63 27 266
64 29 43
70 4 398
82 27 430
24 9 117
89 30 247
75 0 414
34 17 265
34 56 470
94 66 65
21 3 242
46 37 319
95 29 247
75 98 298
38 91 111
99 41 348
7 4 286
3 27 354
99 65 184
84 69 392
60 85 157
14 52 311
62 41 169
76 53 338
89 45 69
32 41 257
96 52 176
14 46 38
83 78 309
83 77 256
97 47 422
77 1 270
51 35 21
24 73 196
23 41 396
60 89 167
2 94 81
94 23 76
8 40 178
93 13 185
47 56 244
97 20 113
37 21 16
40 72 287
82 24 402
49 17 164
20 66 388
88 73 308
13 26 94
77 86 345
56 8 388
4 97 415
71 70 31
10 61 461
67 93 213
4 0 61
83 94 187
35 74 423
79 98 267
14 75 189
86 63 52
71 88 275
10 20 42
57 83 127
65 73 487
73 43 244
15 52 228
33 82 464
57 89 187
95 18 418
68 49 328
63 21 88
60 41 164
94 63 26
74 26 207
72 10 478
36 97 172
76 17 97
34 12 493
53 14 21
93 82 137
72 69 175
45 57 215
1 43 283
32 23 31
97 72 173
27 37 419
58 98 55
25 19 199
48 69 393
56 84 303
83 63 65
49 19 112
20 70 169
31 32 382
26 22 89
9 53 145
67 20 202
67 57 435
54 61 393
13 0 88
31 39 98
82 14 436
24 40 119
53 41 162
85 35 352
88 50 143
74 90 406
97 33 183
29 16 322
52 48 2
75 25 139
83 36 107
42 47 463
42 27 53
61 40 191
41 82 293
28 78 343
1 61 479
31 76 288
83 60 60
91 40 364
26 17 76
11 86 316
6 78 212
30 33 155
89 86 22
95 55 88
87 90 362
60 5 454
78 66 290
87 44 470
15 28 171
94 19 351
47 96 82
47 27 212
50 64 289
74 64 166
24 46 79
26 53 193
97 12 26
67 44 474
51 94 71
66 50 373
27 63 49
81 84 358
2 22 253
56 26 207
60 9 458
34 45 118
18 61 432
79 10 359
65 97 151
53 61 131
74 57 270
33 79 301
87 67 312
22 91 128
3 22 194
6 33 81
83 50 359
82 88 217
97 9 186
72 79 350
69 69 60
65 60 434
54 85 461
38 13 256
79 68 181
38 34 216
37 49 201
83 35 366
60 38 297
70 3 443
35 10 436
30 48 157
77 49 90
84 68 375
34 62 292
0 97 75
36 2 366
75 18 59
38 98 327
18 59 286
56 89 166
61 98 323
27 52 69
92 15 251
75 71 109
67 34 433
30 49 369
29 25 278
49 43 207
97 23 39
19 65 486
28 51 63
0 47 79
75 7 283
64 83 278
91 83 200
77 52 130
20 57 11
1 19 119
82 6 360
98 83 293
71 3 98
75 25 340
34 28 250
25 60 283
84 44 95
93 24 146
83 88 375
77 11 395
56 78 209
84 71 61
91 32 180
78 46 191
75 5 131
2 39 281
81 29 40
78 42 70
93 93 397
58 14 332
29 47 185
85 22 366
71 81 67
29 71 441
88 76 81
64 81 361
9 17 317
0 90 317
67 5 50
86 23 281
65 33 463
1 33 106
3 69 253
48 6 349
89 95 189
8 66 376
40 45 400
71 37 495
47 14 198
16 35 147
79 64 167
46 21 127
8 15 365
49 85 303
72 53 141
60 46 430
96 29 116
94 2 409
36 22 447
64 24 363
45 4 65
38 97 448
62 62 328
91 51 184
42 25 14
19 13 302
61 65 478
2 84 5
5 12 136
55 76 174
18 90 268
92 74 361
59 19 243
43 85 397
2 58 260
72 36 38
96 35 20
5 38 145
70 76 415
55 36 482
15 71 463
22 44 359
98 53 347
33 75 181
11 59 234
20 11 272
95 92 61
43 86 205
23 6 134
48 15 154
37 29 392
21 21 428
54 78 161
90 87 355
84 18 261
79 42 58
50 13 424
0 2 410
32 67 7
80 65 79
21 62 58
49 15 453
59 39 409
85 37 22
20 65 160
47 98 158
83 74 273
56 89 166
53 54 306
99 8 92
9 72 324
26 88 388
96 99 3
84 18 6
36 18 255
49 47 110
34 49 473
90 89 31
89 8 357
69 6 426
64 27 176
92 40 108
75 51 471
97 0 210
8 69 160
31 71 5
74 12 291
2 14 343
69 24 208
1 63 105
36 25 328
56 25 424
36 74 148
5 18 373
68 95 248
99 23 269
72 8 121
81 69 443
93 48 56
74 49 243
2 94 212
90 84 212
37 74 481
70 71 442
32 39 457
49 9 239
31 87 336
62 3 237
64 60 258
10 67 151
10 3 431
60 89 425
23 14 263
33 88 95
19 83 116
64 91 352
43 68 451
13 73 432
45 24 17
82 37 175
49 58 342
97 78 387
16 52 205
44 99 347
47 63 121
76 98 164
47 55 355
4 58 421
42 81 63
59 60 274
57 12 49
60 24 353
46 34 154
13 42 272
26 34 231
16 7 491
73 89 138
54 61 139
65 21 476
1 72 158
41 14 408
1 26 285
77 30 248
75 97 116
49 74 318
31 96 63
54 26 239
14 48 39
20 75 405
16 90 210
33 13 297
52 85 115
37 43 135
13 14 415
59 23 347
18 10 196
5 19 206
81 38 364
29 62 321
50 40 490
58 34 326
52 10 97
15 32 296
36 49 10
98 58 459
64 31 387
11 87 442
69 29 271
3 71 385
47 67 250
0 80 437
80 78 169
62 70 264
14 17 397
72 56 296
46 72 269
53 39 294
28 78 423
2 44 88
3 24 154
82 98 147
54 85 192
6 24 278
53 15 306
54 31 495
88 23 315
66 47 64
5 13 252
14 5 86
73 58 362
42 77 494
88 18 305
52 81 277
38 51 20
79 34 18
20 94 468
0 31 475
9 98 450
25 17 43
35 17 139
76 31 407
27 74 240
6 87 117
76 5 71
6 60 345
70 60 227
65 34 88
48 31 39
20 65 10
78 44 284
35 28 87
71 98 85
62 18 176
10 94 42
24 49 132
32 62 48
86 62 161
47 82 101
81 0 382
25 57 298
99 25 351
35 15 285
41 76 50
82 48 348
28 20 384
18 64 349
77 14 109
47 81 18
43 51 463
9 31 397
25 93 180
36 90 266
14 39 208
39 46 240
0 67 326
53 1 399
5 60 387
17 16 363
97 31 354
31 6 203
5 65 351
53 54 110
71 43 301
55 44 224
74 89 281
94 21 272
74 27 287
8 4 458
28 68 206
94 82 254
28 53 427
21 18 158
67 23 381
52 99 111
44 14 117
0 66 154
91 13 485
35 52 47
12 1 302
81 67 153
35 95 167
95 51 280
29 95 63
95 54 16
81 90 427
14 40 312
13 76 46
36 37 461
47 50 76
70 44 132
96 60 192
50 37 388
96 45 300
42 82 401
36 80 200
9 64 468
61 40 429
18 39 402
10 50 195
11 63 75
41 74 265
16 35 414
7 46 201
63 4 356
50 83 202
3 9 126
61 32 151
50 88 212
49 43 477
85 72 41
38 19 42
74 36 136
9 11 278
24 85 354
21 22 422
75 51 70
71 67 268
65 95 442
83 36 367
67 18 34
73 18 346
46 40 480
90 20 149
1 43 110
21 98 174
80 66 477
68 68 398
82 23 412
76 75 269
60 27 31
74 91 100
44 45 255
23 90 111
49 10 148
29 85 415
42 79 153
64 33 355
5 74 359
33 53 96
16 69 64
12 14 327
82 62 152
45 95 375
70 31 199
16 24 205
27 61 297
75 55 479
50 6 495
18 80 1
51 67 279
96 2 52
20 8 361
42 96 45
24 41 393
30 92 64
52 57 5
9 76 121
88 54 193
17 94 413
15 45 192
65 71 237
61 98 37
75 70 2
46 92 243
41 89 80
46 58 222
87 71 152
38 38 80
46 37 31
70 32 490
28 14 188
22 82 137
98 25 133
83 88 164
74 85 259
37 57 310
24 64 72
94 12 487
29 22 281
67 91 443
57 28 27
49 72 435
13 24 4
53 99 494
99 52 238
85 14 367
34 4 71
51 87 26
95 24 156
66 52 227
44 19 371
2 50 145
23 78 144
63 34 142
81 26 194
39 96 170
35 32 303
7 51 326
81 75 370
27 38 138
19 4 203
9 54 403
74 34 187
64 7 248
90 30 23
31 30 20
9 47 56
31 19 478
94 69 218
49 5 421
16 2 364
14 82 490
65 67 281
51 75 414
10 91 269
20 11 150
78 30 9
72 67 284
44 99 57
47 21 48
79 72 324
97 18 289
24 63 374
97 22 378
2 90 91
74 25 347
87 76 222
10 95 484
46 1 316
84 49 45
59 99 468
6 31 330
23 80 226
3 80 366
30 18 110
50 72 295
9 76 494
84 54 94
77 34 40
68 75 410
65 49 431
49 12 139
96 87 287
83 7 29
13 77 61
64 28 183
7 86 298
27 59 120
97 15 317
62 45 227
33 74 166
66 91 300
70 14 304
14 64 448
7 81 96
11 0 467
71 69 321
2 91 195
19 23 427
59 35 57
17 10 453
71 97 195
45 75 450
93 61 164
23 86 238
91 91 422
82 17 31
24 81 68
46 99 142
82 18 452
88 5 85
56 49 51
1 26 216
18 41 456
57 22 136
78 1 107
49 30 499
45 1 371
32 58 451
44 20 92
96 65 411
35 90 199
64 36 369
73 41 360
7 96 341
64 20 467
55 61 420
12 57 261
53 89 63
14 27 80
95 84 370
90 10 346
28 21 375
87 26 484
42 36 264
1 36 348
66 19 59
54 66 392
8 96 248
7 49 475
61 24 126
82 93 55
92 74 281
24 63 383
87 58 293
7 5 270
83 99 18
39 45 357
89 22 328
33 56 34
28 90 228
26 66 99
65 14 182
94 21 141
3 10 128
77 90 198
38 24 10
12 4 76
77 25 333
23 93 74
24 65 296
18 93 132
96 58 473
52 54 426
32 28 349
26 57 83
0 82 462
98 91 131
88 81 190
95 89 444
53 39 383
25 38 238
18 1 438
88 76 363
18 97 319
58 60 56
90 47 329
41 47 55
85 57 333
50 67 66
50 69 76
17 68 424
16 63 1
53 61 336
18 32 43
84 91 413
68 3 158
56 75 134
12 93 488
69 19 125
57 86 1
30 68 229
12 17 145
83 57 100
98 62 346
27 52 262
48 10 468
68 25 57
41 76 272
13 56 228
78 50 151
91 49 290
85 45 282
12 86 43
18 39 440
19 46 424
74 91 299
3 15 62
34 32 441
35 56 28
36 53 5
36 71 70
23 52 174
64 69 221
60 24 354
97 1 3
87 1 317
44 54 79
80 72 468
99 4 106
12 23 15
64 58 431
27 99 459
4 70 279
2 4 486
77 87 8
4 92 191
44 95 132
64 6 431
75 54 166
38 47 62
92 57 91
11 40 105
14 37 454
35 59 383
42 10 122
96 70 17
12 3 286
47 8 461
96 33 288
60 29 264
42 51 253
36 58 179
59 36 165
65 33 47
63 12 265
36 86 208
86 42 108
54 43 313
11 69 86
83 21 356
3 37 176
26 57 198
9 96 6
26 78 419
77 50 286
61 64 410
67 56 192
80 27 434
39 57 10
76 10 228
56 24 366
7 58 109
77 47 445
11 13 5
67 77 199
65 12 312
33 5 93
92 83 196
86 67 156
35 27 221
27 10 161
31 94 347
14 20 337
17 29 93
92 28 196
2 5 290
13 0 323
68 93 157
40 99 56
25 52 55
24 64 124
17 5 111
35 38 256
14 65 210
27 29 254
44 39 465
69 54 9
46 72 190
54 72 32
52 64 58
53 52 416
45 77 487
37 0 273
39 2 59
34 73 481
31 32 214
22 2 211
61 17 288
71 13 430
51 56 331
74 79 403
80 65 367
14 5 116
95 23 185
66 91 470
67 34 208
80 49 394
68 85 28
67 90 396
51 88 438
3 85 326
23 63 282
88 40 227
86 92 81
70 54 412
69 38 54
63 73 275
11 63 357
92 20 17
96 12 81
37 13 487
41 46 35
0 41 293
6 83 402
26 29 199
7 74 5
17 45 127
2 68 313
49 43 108
72 65 251
90 16 493
84 63 342
60 98 359
67 69 95
64 40 282
52 52 295
10 61 346
5 24 276
41 48 343
63 7 20
89 24 72
67 48 196
7 8 331
61 20 182
35 64 476
49 36 371
62 74 298
22 24 335
72 1 96
68 98 496
83 49 76
7 41 56
81 61 26
31 34 128
6 32 133
92 96 226
15 83 347
64 31 144
5 33 316
12 71 329
49 72 395
10 1 236
93 11 492
7 94 250
75 5 284
64 52 241
72 61 333
27 93 337
0 97 242
13 36 342
5 57 52
57 5 323
26 36 475
34 48 481
44 68 485
2 39 125
36 73 495
36 2 71
34 70 453
42 95 256
27 32 174
70 87 152
64 72 192
27 21 266
81 99 465
98 71 163
65 73 388
78 40 85
75 87 386
0 65 78
1 70 483
2 60 275
89 93 119
46 17 465
56 74 297
5 71 407
99 63 62
47 57 318
64 81 409
59 30 222
9 67 246
97 17 204
2 12 76
92 30 93
79 74 316
89 29 451
31 96 246
94 44 496
55 73 219
61 9 371
50 86 234
32 51 50
51 11 161
19 42 274
24 47 409
25 61 348
34 84 432
81 46 147
19 96 290
4 63 167
62 16 180
23 67 89
67 84 32
30 95 147
3 83 106
14 20 485
99 89 323
1 32 228
98 92 308
35 97 208
83 4 116
8 56 79
20 44 490
62 35 152
10 32 127
43 93 317
91 40 273
75 62 204
70 82 234
78 67 134
61 78 166
77 86 177
50 14 188
64 77 352
81 32 369
21 9 218
68 24 202
20 69 153
36 71 295
81 67 220
75 4 496
82 6 28
45 66 217
51 89 328
86 95 139
79 80 84
23 21 490
76 67 101
82 88 411
87 47 34
13 32 336
65 80 436
65 62 336
91 69 215
74 71 418
3 4 336
76 14 270
59 96 315
91 92 252
50 20 214
27 12 144
40 12 285
50 36 90
55 52 191
46 57 447
82 51 327
5 45 38
70 94 213
26 84 319
21 70 482
78 56 305
95 57 439
20 18 478
29 31 19
80 22 217
78 57 86
34 87 181
14 55 247
78 24 220
21 97 175
69 78 484
24 39 136
43 8 312
77 49 203
70 51 452
39 42 155
50 60 249
50 22 326
56 98 455
55 30 8
91 74 482
80 74 396
88 67 336
59 27 449
53 61 132
69 33 135
58 97 228
35 10 43
90 18 371
28 37 393
56 71 244
86 86 351
21 67 224
